92
79
54
53
82
68
180
150
100
130
110
110
90
180
180
100
80
110
80
101
84
136
60
330
330
197
197
107
230
210
225
224
322
303
83
112
184
94
161
55
71
115
115
118
75
88
165
100
90
90
90
100
100
605
541
223
288
140
939
232
213
86
146
72
121
80
150
90
90
90
60
60
580
580
841
841
841
841
841
112
537
651
397
284
134
500
460
638
638
638
638
638
638
638
638
638
638
638
638
638
200
200
84
84
84
126
139
139
107
107
372
352
220
217
200
200
604
334
546
510
510
510
510
510
510
510
510
510
510
510
510
510
510
510
810
510
194
194
194
194
194
194
194
172
150
150
140
140
140
161
552
930
127
127
125
260
676
250
250
250
250
201
201
201
114
114
114
114
375
375
375
90
130
108
60
70
98
54
63
100
140
360
96
870
870
870
338
600
600
