64
50
50
50
50
50
264
264
202
144
56
113
113
84
195
435
435
504
504
504
1051
660
660
660
660
660
660
660
660
660
660
660
660
660
660
660
660
660
660
660
660
660
660
660
660
660
660
660
660
660
660
660
660
660
667
306
306
783
783
783
287
287
287
984
984
524
524
375
375
375
67
377
377
377
145
660
660
660
660
660
660
660
201
201
201
201
201
201
201
201
201
600
600
600
600
886
886
600
600
600
600
600
600
600
303
303
303
285
420
420
227
917
280
280
280
280
551
551
551
551
781
300
667
335
335
335
335
522
522
522
522
522
522
522
522
522
522
522
522
609
609
609
609
370
370
370
552
552
552
552
552
552
552
70
70
634
113
113
113
70
70
130
130
130
180
180
180
80
80
110
110
110
130
130
130
120
120
120
60
60
900
900
900
900
900
900
900
955
955
955
290
290
290
60
60
120
120
70
80
60
128
836
299
299
614
614
614
614
237
305
305
406
406
406
406
406
406
406
406
406
406
838
838
433
