48
40
40
40
55
54
41
43
47
47
70
84
407
64
119
329
85
80
710
182
182
381
870
62
56
68
660
660
182
435
251
211
82
80
82
30
40
40
35
39
75
733
312
598
750
990
990
696
696
870
389
551
551
498
870
870
551
200
420
520
180
250
240
220
400
400
400
400
400
400
580
580
485
435
696
125
804
1370
180
240
180
300
50
260
230
130
110
325
325
204
220
580
580
369
435
435
435
435
522
522
610
456
570
570
783
783
493
493
493
493
725
725
318
275
917
171
187
835
464
464
464
269
269
804
464
184
749
220
300
102
464
172
