192
192
190
190
190
128
238
127
164
164
164
164
164
164
164
130
278
278
133
133
93
93
80
80
107
107
113
113
113
86
86
132
132
132
90
90
90
71
71
121
157
262
116
208
60
60
91
91
133
72
72
72
72
83
83
85
85
80
139
139
139
139
295
295
200
50
50
254
371
371
437
222
222
222
79
79
79
79
79
63
63
63
63
109
109
109
92
92
92
92
150
150
150
150
93
93
203
203
203
374
374
374
374
374
374
797
797
1172
1172
1172
930
930
650
650
890
890
750
750
260
260
1390
1390
1390
450
450
225
300
300
300
300
300
300
300
300
300
300
300
300
300
300
300
300
300
300
300
300
300
300
300
300
300
300
300
300
300
300
300
300
300
300
300
300
300
300
300
300
300
300
300
300
300
300
300
300
300
300
300
300
300
300
300
300
300
300
300
300
300
300
300
300
300
300
300
300
300
330
330
486
486
180
180
180
268
268
300
300
300
300
412
412
280
280
280
220
387
396
645
645
645
645
378
378
378
378
378
288
288
288
288
103
103
103
200
200
200
327
925
450
570
291
215
595
352
352
28
225
225
263
263
450
240
240
420
289
331
331
225
225
225
225
225
225
225
225
225
225
225
225
225
83
83
83
83
83
145
145
145
145
151
151
290
290
290
290
237
377
303
377
377
377
377
377
377
377
377
377
