119
74
26
72
35
141
57
48
33
22
240
117
52
29
33
147
30
30
94
50
50
192
146
45
41
39
116
42
32
33
43
71
35
72
27
23
35
22
54
55
82
56
74
41
41
22
24
28
36
34
48
42
38
38
42
42
42
52
51
54
60
49
170
329
85
80
410
410
410
410
195
195
195
195
110
102
364
689
870
660
194
228
82
192
128
116
173
145
274
393
256
127
101
262
127
303
147
112
118
113
113
162
162
300
300
300
169
3230
3230
3230
3230
3230
191
300
198
95
189
46
162
106
88
110
103
59
42
156
63
117
50
41
145
97
42
50
44
79
153
48
136
89
49
91
105
61
82
77
60
215
107
475
82
30
117
296
119
177
213
105
215
92
92
164
173
71
52
81
98
165
77
73
73
95
95
124
124
75
132
142
84
148
48
126
80
187
66
134
116
151
68
65
84
166
127
92
123
108
74
44
98
68
386
169
220
300
278
62
70
124
435
176
300
300
300
300
250
250
250
250
250
482
482
482
482
482
750
211
314
883
450
165
139
107
101
134
137
159
435
300
92
150
150
150
150
147
150
150
104
105
80
338
85
90
182
141
474
474
450
450
180
180
250
450
86
464
464
360
192
450
156
156
377
377
89
435
90
89
172
435
76
76
76
112
435
735
435
54
77
363
53
53
53
145
416
150
150
150
140
91
72
688
234
125
76
553
325
325
325
325
450
145
775
205
232
232
232
336
142
660
148
450
435
575
274
218
150
105
105
55
177
91
450
171
171
134
99
396
201
182
150
161
105
258
89
375
100
100
100
328
250
801
157
450
450
450
145
810
910
309
240
455
266
266
156
156
300
233
360
450
450
145
856
450
450
145
435
435
450
435
1354
795
450
637
300
450
450
119
375
375
375
707
450
31
31
31
31
375
300
67
97
182
182
182
141
345
173
187
524
75
192
87
69
139
164
496
166
119
119
180
126
83
170
250
179
155
440
440
440
330
330
330
440
520
230
142
375
249
300
84
974
974
1330
1100
914
72
452
69
73
74
189
141
435
763
139
107
435
435
215
488
488
603
111
107
107
101
450
809
67
67
67
67
300
120
150
236
236
206
206
262
262
145
450
435
252
252
448
478
435
373
435
198
108
270
144
423
450
134
109
375
360
456
148
435
435
450
450
292
419
294
110
386
246
192
192
205
65
85
765
295
295
224
138
86
86
139
95
269
23
64
72
338
86
573
152
170
170
119
497
210
435
435
66
435
290
125
116
450
450
120
237
108
108
195
323
450
450
127
450
180
170
298
280
437
253
253
435
435
450
180
180
145
145
145
750
750
118
168
725
