159
159
159
99
66
66
66
66
66
66
66
93
123
192
137
103
103
60
34
161
161
51
51
59
78
78
452
452
217
23
42
42
42
42
42
41
92
163
177
177
177
152
128
128
63
63
63
133
126
138
138
138
136
138
117
263
269
267
266
130
130
130
135
134
134
130
138
133
76
266
269
269
263
101
101
65
85
85
85
85
85
326
162
57
57
56
56
47
47
58
56
81
81
50
50
50
50
50
50
50
50
50
50
94
34
34
19
19
46
46
6
33
30
23
39
56
56
15
42
42
38
59
59
108
108
40
37
37
53
45
45
51
65
63
63
37
36
29
94
94
101
54
12
114
33
40
25
18
40
31
47
37
55
26
48
12
124
34
56
8
108
24
41
49
36
15
35
18
60
48
74
29
54
199
108
58
27
83
21
110
28
42
181
139
11
11
11
99
97
93
93
198
198
143
80
80
80
100
154
154
9
56
83
613
113
84
377
232
232
232
232
57
79
163
89
89
89
89
93
81
115
152
49
3230
263
276
154
707
707
575
575
575
638
504
504
551
836
1034
660
476
774
131
131
38
365
436
71
71
71
71
178
178
629
588
588
150
193
208
194
81
66
148
63
65
240
44
378
254
264
264
161
566
119
387
46
58
82
42
277
72
72
72
72
137
137
137
109
109
152
152
152
152
152
152
113
116
116
116
173
173
173
173
173
173
173
173
173
111
111
125
125
125
56
105
105
77
77
70
141
141
141
141
141
141
141
141
116
70
176
65
65
65
65
70
70
70
113
113
124
235
67
145
145
145
551
551
551
136
73
1100
106
106
111
750
63
187
50
65
178
290
290
98
239
325
325
325
375
375
174
320
81
102
306
140
250
166
175
175
175
175
175
175
175
416
72
162
450
450
193
193
193
126
122
122
1718
201
201
900
89
89
89
86
130
130
130
130
105
105
105
105
61
61
128
53
53
300
300
300
348
348
348
348
348
348
348
348
348
348
2700
2700
942
159
111
900
129
450
646
631
660
660
660
660
58
104
130
826
160
1320
287
195
195
71
71
71
71
71
450
404
407
149
149
54
54
54
54
54
141
141
197
570
570
570
570
570
114
58
58
58
58
667
69
58
125
125
44
141
141
141
108
108
119
119
119
119
119
119
119
119
90
90
90
100
100
100
95
95
95
95
173
173
173
173
173
67
85
85
85
48
48
48
48
88
88
175
370
111
244
244
531
179
85
164
143
609
151
151
151
377
97
522
522
522
522
522
145
270
270
270
270
270
270
189
145
150
169
302
302
506
506
192
192
192
192
290
435
435
435
435
170
330
330
330
330
250
250
250
250
163
163
163
163
899
899
250
250
250
250
250
250
58
93
435
96
134
54
54
54
74
74
74
92
232
102
110
93
107
100
200
114
222
164
164
164
164
155
155
155
155
477
121
121
476
476
476
476
476
476
721
721
721
721
721
721
721
721
721
721
721
721
721
721
721
721
418
418
418
418
418
418
418
418
372
372
119
119
60
60
38
25
2898
90
50
130
200
200
200
200
900
151
870
84
84
84
84
84
84
170
400
220
200
100
107
107
809
809
893
