251
251
251
251
162
162
150
150
60
211
211
211
211
129
290
290
290
522
600
600
600
260
754
754
754
80
80
446
446
90
240
45
44
63
269
269
269
269
269
212
296
269
269
269
269
269
269
235
235
235
534
534
97
244
327
192
192
600
754
750
750
750
750
750
750
750
750
750
90
90
90
90
143
143
143
143
139
139
146
200
145
688
403
93
54
140
108
575
401
300
300
300
300
300
300
300
900
900
71
71
71
290
435
570
570
570
570
1470
114
114
114
346
346
346
240
240
410
260
1239
1239
240
240
240
348
348
348
348
348
348
57
63
148
148
148
89
173
173
219
219
219
219
266
101
388
533
1028
290
290
177
177
310
125
695
695
695
695
695
695
383
974
974
390
366
366
710
710
180
100
52
200
71
568
568
203
201
201
470
350
350
660
660
360
360
493
350
360
468
360
250
180
123
123
108
108
108
108
100
100
100
100
98
98
98
95
95
80
80
80
103
103
80
80
80
80
80
80
129
543
543
545
1025
1025
1025
1025
1025
1025
219
219
219
125
284
106
