550
160
100
80
70
90
110
110
76
160
160
140
43
170
143
189
201
201
292
124
514
325
184
311
287
204
204
204
290
290
290
280
280
207
85
102
118
81
78
125
151
107
157
132
92
78
102
140
264
128
435
435
150
945
690
150
883
755
212
400
200
539
539
539
522
522
899
899
899
899
899
536
157
157
783
783
199
173
101
121
247
103
72
174
180
180
180
167
167
167
775
186
186
186
186
550
550
550
468
768
320
320
560
228
323
323
323
537
537
475
280
264
348
162
162
318
318
522
522
418
418
418
306
306
178
178
145
558
720
720
720
720
720
609
609
609
276
769
423
423
841
212
352
352
190
368
483
483
232
464
547
191
200
780
470
330
470
635
408
630
809
