647
330
330
60
60
60
150
140
140
160
160
230
190
190
150
150
80
80
240
240
289
289
289
289
289
289
659
659
659
659
339
339
339
339
339
339
197
197
197
130
126
187
187
187
187
180
183
183
183
183
183
183
183
183
95
95
95
95
95
95
95
95
95
95
190
170
192
232
232
232
232
216
53
53
53
53
41
41
41
23
54
37
37
230
230
57
57
100
30
60
60
111
111
308
128
181
135
135
135
110
153
267
267
121
121
99
99
49
58
58
53
53
79
79
79
74
74
74
310
90
90
44
44
45
45
176
176
176
176
276
979
300
300
300
300
300
54
390
390
390
390
390
390
240
97
97
280
230
145
145
300
300
300
300
390
390
390
390
390
390
390
390
390
390
390
390
540
540
540
540
540
540
540
540
540
540
540
540
540
670
670
449
471
573
573
573
573
600
600
600
325
325
325
325
325
325
325
325
325
465
103
103
103
484
484
214
214
214
214
200
200
200
100
240
240
240
240
240
377
377
377
377
377
377
377
377
450
450
450
435
435
435
435
435
232
232
232
232
232
232
232
232
232
232
232
232
232
168
168
168
168
168
290
290
290
290
290
290
290
290
290
290
290
290
290
