1345
2600
588
1308
2342
249
268
244
240
185
173
168
233
76
522
76
290
133
42
107
96
151
115
280
277
72
72
127
140
1152
1111
191
283
3887
192
192
199
199
341
341
341
148
148
148
148
148
148
148
148
148
174
174
174
174
174
174
174
174
174
240
240
240
240
240
240
240
240
240
75
75
75
75
75
75
75
75
75
84
42
86
91
38
340
340
340
340
188
188
188
188
188
211
211
211
211
211
503
503
503
503
503
503
503
503
503
35
35
58
58
35
35
35
35
39
39
66
66
179
179
257
257
257
257
297
297
297
297
341
360
360
360
360
360
360
360
360
360
93
101
177
333
98
98
98
98
98
98
98
98
98
73
73
73
73
73
73
73
73
73
87
87
87
87
87
87
87
87
87
81
81
81
81
81
81
81
81
81
338
338
338
338
338
338
338
338
338
173
173
173
173
173
173
173
173
173
159
159
159
159
159
159
159
159
159
374
374
374
374
374
374
374
374
374
216
24
24
24
24
24
24
24
24
24
48
48
48
48
48
48
48
85
85
85
85
85
85
85
1419
1253
103
16
22
108
108
41
41
41
41
41
41
40
40
40
40
40
40
40
40
40
31
81
64
84
78
78
161
153
65
36
83
136
69
63
63
45
51
51
87
78
66
63
45
68
66
115
152
77
32
323
92
92
92
98
98
98
130
51
486
486
156
360
360
580
580
724
437
437
725
725
470
450
450
450
450
159
279
279
287
287
287
170
170
145
166
226
261
261
609
914
230
111
394
119
277
434
183
150
180
53
53
97
97
140
140
110
110
110
246
246
120
140
170
100
770
184
159
179
240
930
930
828
460
460
828
197
460
99
99
148
94
108
122
222
243
140
99
264
144
144
144
144
144
144
144
140
140
140
140
140
140
140
191
136
173
137
332
332
332
332
332
304
217
130
130
130
130
130
130
130
130
130
58
58
58
58
58
58
58
58
58
36
46
46
46
46
46
46
46
46
46
63
30
30
30
30
30
30
30
30
30
62
19
19
19
19
19
19
19
19
19
155
155
155
155
155
155
155
155
155
155
204
204
204
204
204
132
297
195
129
300
263
190
190
190
190
165
165
165
296
296
296
296
296
296
296
296
165
165
165
165
165
165
165
165
238
238
238
238
238
140
140
140
140
140
189
189
189
189
213
213
213
213
316
316
316
316
290
92
21
78
125
58
435
595
720
828
690
