79
79
110
66
72
91
26
110
120
123
104
261
261
261
319
319
75
522
84
525
300
300
300
300
300
300
287
300
300
300
300
300
300
300
300
156
33
180
280
261
261
261
522
525
200
300
300
300
300
300
300
300
300
300
300
300
435
700
700
700
700
325
325
325
325
232
232
232
232
232
1170
325
325
325
325
325
325
325
325
270
262
313
313
363
261
348
348
348
348
319
319
319
319
550
1091
300
522
522
522
522
522
522
240
117
96
163
163
460
460
330
330
250
250
250
250
250
250
250
103
59
690
690
690
690
199
369
220
455
78
140
196
243
1911
600
600
696
696
