51
50
163
197
118
127
127
76
113
72
72
108
108
660
660
143
143
395
269
162
339
53
53
184
184
261
330
330
324
324
131
131
169
126
136
125
125
191
221
125
125
593
808
222
464
464
888
209
179
182
80
220
140
110
110
651
651
272
145
290
71
49
89
167
186
186
186
125
63
64
77
551
551
142
126
126
450
450
544
544
104
104
660
660
298
298
666
666
312
450
450
450
450
377
377
377
377
143
390
390
390
390
390
1104
403
348
348
163
133
313
313
488
488
110
110
234
187
116
730
730
1241
1241
1241
631
631
631
631
631
631
336
336
599
526
578
560
152
467
260
280
800
375
315
315
464
464
464
348
348
660
660
243
243
870
135
105
114
93
127
127
686
686
750
492
218
218
570
570
539
539
727
125
375
