38
170
120
12
63
134
60
61
16
51
34
42
43
38
15
20
17
28
44
33
24
15
52
31
13
19
50
12
14
29
39
28
15
24
35
31
14
36
25
89
110
66
72
91
26
120
123
71
105
426
106
389
85
229
181
176
63
152
73
230
79
62
64
21
3949
3949
600
600
600
754
754
754
364
1461
1461
1485
256
320
160
1050
280
1191
33
180
600
754
145
84
173
62
300
300
300
163
300
489
145
91
91
110
150
150
253
290
347
600
600
600
600
600
600
690
690
690
690
690
250
537
250
250
150
140
435
99
118
60
145
113
610
1170
150
154
145
125
96
240
375
550
1091
250
178
129
450
108
348
348
348
348
348
435
157
632
1354
1354
173
219
266
604
550
550
583
115
328
1146
290
269
159
270
399
290
145
225
145
290
197
51
120
180
164
257
331
189
96
72
302
530
347
613
665
493
212
326
750
170
790
369
220
455
78
140
243
1911
300
300
145
145
137
300
435
