189
189
358
370
370
419
560
130
130
130
62
62
62
466
80
80
297
297
297
297
297
360
360
360
230
230
489
389
976
976
146
189
235
342
342
342
149
67
50
372
710
1346
285
285
285
285
284
284
284
284
284
269
283
283
283
303
303
303
270
270
304
304
124
124
124
111
117
117
104
116
116
114
335
334
376
376
376
1249
320
361
361
308
180
877
877
2947
133
117
97
97
109
109
169
169
169
111
111
157
104
129
81
142
142
450
142
145
150
114
108
522
522
522
522
522
522
522
522
522
522
522
522
522
522
522
522
522
522
522
522
522
522
522
522
522
522
522
522
522
522
522
522
522
522
522
522
522
110
261
180
546
546
72
72
72
72
291
190
409
284
284
284
284
284
284
213
208
208
128
128
148
88
133
140
140
140
141
144
67
600
600
600
600
600
600
600
