682
205
338
120
268
256
256
535
150
536
120
120
684
3597
457
457
457
457
48
139
212
137
94
22
22
263
89
89
89
512
202
245
290
247
232
319
572
388
483
732
429
355
473
182
212
3003
3003
90
125
408
408
408
408
408
408
143
241
241
241
241
252
252
252
252
252
110
110
110
135
135
135
135
404
404
404
404
404
404
316
365
392
436
176
396
155
46
90
200
50
80
170
40
110
120
40
90
160
80
60
100
87
114
155
135
191
87
141
187
87
122
108
447
220
134
134
134
134
134
120
104
131
118
168
164
186
170
242
158
158
205
80
80
80
140
140
140
140
130
130
870
89
89
89
89
89
83
83
72
98
125
75
55
216
142
135
124
44
561
115
150
133
170
171
260
287
267
139
180
180
261
261
183
522
254
145
145
70
75
2898
80
168
320
500
500
500
500
453
57
111
525
525
525
525
525
525
525
201
