72
72
72
72
219
219
173
301
61
302
302
302
105
105
126
131
64
92
92
66
85
108
141
152
165
85
64
95
99
99
99
99
196
196
196
80
80
50
50
64
153
213
215
215
215
93
95
95
95
61
35
78
295
51
56
56
61
79
79
109
88
88
223
23
609
391
107
91
105
158
111
111
91
79
101
204
204
65
65
85
85
175
50
85
85
326
66
162
56
59
59
59
51
67
16
17
16
43
33
148
123
184
197
33
180
157
177
160
123
87
49
97
97
97
97
89
92
71
73
133
113
83
89
152
152
152
152
152
151
151
142
153
82
64
126
65
83
131
114
95
60
90
79
139
1993
45
60
34
114
836
28
34
13
33
24
69
52
30
236
55
47
29
35
17
12
12
53
78
40
34
67
13
15
30
24
16
22
18
7
27
42
37
23
27
21
32
83
37
35
28
65
12
239
10
16
32
13
29
44
49
16
20
148
130
113
113
113
113
60
60
60
40
30
30
30
28
47
90
28
28
55
60
60
60
31
31
31
31
31
125
125
153
98
23
18
56
75
46
20
14
61
26
36
36
36
36
20
20
20
20
35
35
35
28
28
10
19
54
54
155
155
24
24
34
34
72
74
74
28
28
96
188
188
62
162
198
201
300
190
320
320
54
59
59
82
82
56
56
108
108
108
119
119
119
90
95
173
67
85
48
88
88
118
118
111
142
146
164
54
148
265
265
82
80
100
250
250
250
93
93
96
96
198
198
86
296
296
296
296
95
95
95
95
95
292
292
292
292
292
47
47
47
47
47
47
196
196
196
196
99
99
99
99
99
99
99
146
146
72
72
72
72
230
230
230
230
184
184
46
46
165
119
105
105
187
