181
156
152
155
152
157
157
153
154
154
153
135
70
35
27
42
85
80
78
44
24
26
22
26
64
17
24
60
13
24
25
54
77
6
118
25
111
61
215
147
57
94
119
64
150
150
150
150
133
115
115
115
115
115
115
115
115
125
125
981
91
210
303
83
89
88
1398
220
43
61
38
31
197
116
67
57
61
142
98
171
45
74
63
189
246
99
240
181
171
110
249
232
375
245
377
528
528
633
633
633
402
402
402
246
246
246
390
390
390
301
301
301
531
531
531
866
866
866
596
596
596
250
250
250
487
418
418
418
495
495
495
504
504
504
424
424
424
224
224
224
391
391
391
408
408
408
451
451
451
412
412
412
90
544
68
186
232
121
528
841
381
506
506
193
145
638
638
638
638
638
638
638
638
638
200
200
200
220
546
510
510
510
510
184
184
184
230
82
930
361
361
161
215
207
368
232
124
58
58
58
156
156
156
117
665
665
260
409
460
904
117
115
118
141
93
80
130
70
144
82
117
34
136
114
375
108
100
180
551
551
551
360
360
219
219
219
219
