260
260
348
348
3085
76
114
72
139
81
75
71
76
74
72
146
109
81
106
86
87
96
96
72
164
132
126
77
50
123
116
108
114
108
91
75
71
70
30
412
412
412
412
412
174
260
260
182
182
418
63
149
61
68
72
70
85
85
85
85
85
85
70
73
84
117
117
81
92
99
84
72
108
99
95
100
71
58
66
61
65
65
65
85
325
325
325
325
325
61
61
25
218
288
178
178
85
85
654
654
3220
150
150
151
151
285
267
438
281
218
218
218
228
186
186
47
47
47
65
65
5213
1615
52
30
22
236
18
27
17
34
15
80
18
12
34
24
23
37
16
549
15
83
51
56
37
22
26
26
117
18
49
23
148
32
130
45
44
63
150
316
371
196
464
464
153
450
84
144
966
522
522
522
105
108
52
290
522
522
522
522
522
522
522
522
522
522
522
522
522
522
522
522
522
522
522
522
522
522
522
522
522
522
522
522
522
522
522
522
522
522
522
522
522
164
435
290
129
870
347
145
435
250
435
111
150
125
125
690
690
690
221
119
119
437
100
100
100
54
54
156
62
90
99
118
60
610
657
135
569
308
750
193
193
193
193
193
193
193
193
193
193
193
870
290
64
460
970
190
940
960
720
725
640
260
270
435
318
870
870
412
412
412
412
412
412
186
186
142
142
345
345
340
480
480
1470
410
410
630
410
968
552
552
552
145
104
290
90
242
164
435
148
165
245
108
108
108
108
108
108
108
108
493
493
493
493
522
522
555
686
700
700
700
339
339
339
870
68
540
540
540
540
540
600
600
128
128
290
225
75
73
73
144
184
435
138
707
750
750
900
900
162
162
450
630
480
870
870
435
435
435
416
150
53
53
51
51
225
497
51
92
84
75
346
160
160
295
111
111
414
414
25
25
25
25
71
380
380
380
30
30
30
870
287
102
102
102
870
435
45
59
435
435
639
617
375
290
660
85
85
