0
1
1
0
0
0
0
0
0
0
0
0
0
0
0
0
0
0
0
0
0
0
0
0
0
0
0
0
0
0
0
0
0
0
0
0
0
0
0
0
1
2
3
4
0
0
1
0
1
0
0
0
0
0
0
0
0
1
2
3
4
5
0
0
0
0
1
0
0
0
0
0
0
0
0
0
0
0
0
0
0
1
2
0
1
2
3
4
5
0
1
0
0
0
0
1
0
1
0
1
0
0
0
0
1
0
0
0
0
0
1
2
0
0
1
0
1
2
0
1
0
0
1
1
0
1
0
0
1
0
0
0
0
0
1
0
0
0
0
0
0
1
0
0
1
0
0
0
0
0
1
0
1
0
1
1
1
1
0
0
0
0
0
0
0
0
1
0
1
0
1
2
0
0
0
0
1
2
3
4
5
6
7
8
1
2
3
4
5
6
7
8
9
10
11
12
13
14
15
0
2
3
4
5
6
7
8
9
10
11
12
13
14
0
0
0
0
0
0
0
0
0
0
0
0
0
0
0
1
2
0
0
1
0
0
1
2
0
1
0
0
0
1
1
1
1
0
0
0
0
0
1
2
3
4
5
6
7
8
9
10
11
0
0
0
1
1
1
0
0
0
0
1
0
0
0
0
0
0
0
2
3
4
5
6
0
1
0
1
0
1
0
0
0
0
0
1
0
0
0
0
0
1
0
0
0
0
0
0
0
0
0
0
0
1
2
0
0
1
2
3
0
0
0
0
1
0
0
0
0
0
0
0
1
2
0
0
0
0
0
0
0
0
0
0
1
0
0
0
0
1
0
0
0
0
0
0
1
0
1
0
1
0
0
0
0
1
0
1
0
0
0
0
1
0
1
0
0
0
0
0
0
0
0
1
0
0
1
0
1
0
1
2
3
0
0
1
2
0
1
2
0
0
0
1
3
0
0
0
0
0
1
0
0
0
0
0
0
1
