180
190
270
150
100
80
200
130
130
690
90
100
100
100
205
205
205
100
100
105
105
105
105
106
108
428
137
111
103
103
95
98
104
206
104
103
104
97
101
101
150
150
74
348
348
348
348
232
232
240
240
120
120
145
145
145
145
500
500
116
111
144
120
140
80
100
500
140
190
70
100
68
270
229
207
53
104
338
338
160
160
145
145
145
57
207
82
390
348
348
348
348
348
348
348
348
348
348
348
348
348
232
232
460
460
410
410
280
280
936
936
500
500
270
270
270
270
270
270
270
342
382
145
145
145
310
225
225
870
870
870
870
750
300
300
300
300
300
300
300
300
300
360
360
234
234
500
180
690
690
690
80
416
101
170
100
48
48
145
145
144
100
210
300
130
50
110
110
1080
1080
1208
1208
198
198
175
175
80
155
68
435
