357
164
364
364
364
364
364
113
113
113
280
280
300
300
300
475
395
395
395
34
36
36
77
70
70
74
81
81
81
145
231
231
523
298
298
298
298
75
75
359
359
92
75
75
75
78
150
150
150
168
126
52
130
130
125
125
125
125
125
212
212
112
112
112
112
116
85
85
131
225
225
86
86
86
86
112
112
89
89
89
89
71
71
71
370
50
102
149
114
110
191
184
204
312
220
97
131
131
117
117
117
603
374
89
539
82
412
475
1106
124
460
460
460
460
122
122
167
167
226
226
226
525
525
897
345
345
345
345
345
345
345
345
345
345
345
345
345
345
114
450
183
183
126
435
435
435
466
953
953
953
261
261
362
362
362
366
