277
78
452
217
41
67
108
92
37
45
287
312
312
312
312
312
297
105
60
60
67
67
72
221
173
173
173
222
80
73
74
84
84
93
93
78
66
66
322
81
64
85
96
303
303
250
250
250
250
401
401
401
401
401
279
279
279
279
151
38
505
176
152
162
111
400
190
232
152
45
96
78
190
996
160
812
812
166
233
233
217
48
114
114
41
41
78
96
100
40
75
42
220
283
268
207
44
114
476
96
774
131
27
34
27
17
23
29
29
13
18
14
18
18
38
31
25
109
25
33
157
889
50
50
80
70
40
60
50
50
118
49
65
153
153
49
325
325
325
325
325
39
130
72
60
49
70
300
300
300
300
166
166
166
166
450
450
435
435
435
71
71
71
71
71
71
71
71
71
71
80
80
560
420
420
420
420
667
667
667
162
345
132
57
150
172
164
203
29
24
42
42
37
13
30
30
17
80
40
26
20
20
28
25
27
27
29
11
80
140
66
