1749
1700
3100
130
82
88
133
139
214
334
124
311
131
177
275
121
85
110
144
105
94
125
112
176
164
107
208
739
520
290
64
179
179
380
927
754
528
1558
2172
2284
273
324
725
357
136
395
700
700
810
481
1100
1130
870
750
902
258
504
454
878
233
100
644
416
816
107
420
1050
1430
730
710
386
942
974
1718
1043
1043
900
105
144
720
660
550
670
453
109
462
462
942
590
590
600
172
450
1060
870
470
216
900
1367
697
816
766
826
703
703
1320
652
870
435
240
750
750
689
819
870
435
402
199
375
162
190
430
670
260
297
1483
718
300
712
720
720
1351
1460
920
521
521
521
521
690
676
967
174
575
1943
140
306
1463
894
110
184
627
450
389
750
402
870
328
238
270
329
355
1410
280
263
521
720
350
720
720
720
720
720
375
714
82
225
370
893
