123
117
68
119
149
149
105
114
282
337
107
111
212
103
660
660
149
265
153
184
231
231
243
243
145
125
125
167
82
307
552
83
70
220
80
80
250
80
850
713
713
368
368
140
270
350
736
160
450
197
489
435
435
431
797
360
360
360
522
522
522
142
103
76
306
870
540
540
158
625
425
625
625
625
94
126
263
750
247
725
725
123
612
111
93
375
316
110
368
88
108
660
660
240
201
524
552
552
741
464
580
464
754
632
1354
795
878
145
271
347
435
551
551
271
197
870
83
149
600
600
506
506
506
506
300
750
170
790
870
847
870
870
630
246
639
750
750
750
200
200
543
783
783
783
783
82
145
